0 0 7 26 1
0 182 9 9 35
0 719 1
0 779 11 4 1 4 36
0 1064 5 19 7 3 5
0 1463 31
0 1633 15 10 12
0 1834 13
0 1880 4 16 20 16 8
0 1903 2
0 2193 25
0 2676 1
0 3170 5 20 42 10 3 37 1 95 14 4 8
0 3543 2 17 75 13 18 4 6 1 2 62 6 25 7
0 4670 5
0 5035 23
0 5315 4 9 16 4 5 7 2 19 68
0 5500 12
0 5721 14
0 6144 8 12 51
0 6500 21
0 6572 1
0 6949 78
0 7522 6 7 64 20 8
0 7763 10 51 42 14 45
0 7925 39
0 7928 13
0 8950 26
0 9023 42 3 20
0 9509 10 13 9
0 9768 7 15 2
0 9778 23
0 10932 2
0 11034 7 2 28 32 11
0 11038 48 3 1
0 11196 4
0 11224 30
0 11355 12 23 3
0 11387 13 13 7 46 5 10 27
0 11413 10 28 27 14 4
0 11777 32
0 11834 15
0 11916 20 17 57
0 12035 23 34 24
0 12123 24 4 4
0 12368 12 1 10
0 12383 1
0 12527 27
0 12538 15 16 37
0 12749 7
0 13099 1 12 6
0 13209 4
0 13265 23
0 13289 11
0 13866 76
0 13894 3 30 66
0 14127 56 11 6
0 14345 24
0 14406 41
0 15476 14 11 11
0 15555 20 8 3
0 15609 16 57 3
0 15842 18
0 16166 4 7 11
0 16508 9
0 16841 8
0 16945 6 4 9 29 2
0 17369 33 29 10
0 17519 10 1 9 4 35
0 17549 8 3 45 3 12
0 17685 6 6 12 21 19
0 17899 16
0 18140 2
0 18556 35 13 1
0 18806 21
0 18822 8 10 9
0 19208 10 29 7
0 19250 23 7 13
0 19700 31 11 17
0 19798 27
0 19810 1 8 7
0 19903 26 2 2
0 19970 40
0 20115 33
0 20188 5 17 20
0 20294 30
0 20667 3 4 33 18 57
0 21047 12 13 5
0 21184 46 2 15
0 21421 31 7 11 10 1 3 22
0 21452 5 31 3 31 2
0 21547 3
0 21975 3
0 22476 2
0 22858 8
0 23414 12
0 24095 43
0 24499 14 10 3
0 24514 2 65 2
0 24585 6 11 2
