0 0 7 26 1
0 146 9 9 35
0 576 1
0 624 11 4 1 4 36
0 852 5 19 7 3 5
0 1172 31
0 1308 15 10 12
0 1469 13
0 1506 4 16 20 16 8
0 1525 2
0 1757 25
0 2143 1
0 2538 5 20 42 10 3 37 1 95 14 4 8
0 2836 2 17 75 13 18 4 6 1 2 62 6 25 7
0 3738 5
0 4030 23
0 4254 4 9 16 4 5 7 2 19 68
0 4402 12
0 4579 14
0 4917 8 12 51
0 5202 21
0 5260 1
0 5561 78
0 6020 6 7 64 20 8
0 6213 10 51 42 14 45
0 6342 39
0 6345 13
0 7162 26
0 7220 42 3 20
0 7609 10 13 9
0 7817 7 15 2
0 7825 23
0 8748 2
0 8830 7 2 28 32 11
0 8833 48 3 1
0 8959 4
0 8981 30
0 9086 12 23 3
0 9112 13 13 7 46 5 10 27
0 9133 10 28 27 14 4
0 9425 32
0 9471 15
0 9536 20 17 57
0 9631 23 34 24
0 9702 24 4 4
0 9898 12 1 10
0 9910 1
0 10025 27
0 10034 15 16 37
0 10203 7
0 10483 1 12 6
0 10571 4
0 10616 23
0 10636 11
0 11098 76
0 11120 3 30 66
0 11307 56 11 6
0 11481 24
0 11530 41
0 12386 14 11 11
0 12450 20 8 3
0 12493 16 57 3
0 12680 18
0 12939 4 7 11
0 13212 9
0 13478 8
0 13561 6 4 9 29 2
0 13900 33 29 10
0 14020 10 1 9 4 35
0 14044 8 3 45 3 12
0 14153 6 6 12 21 19
0 14324 16
0 14517 2
0 14850 35 13 1
0 15050 21
0 15063 8 10 9
0 15372 10 29 7
0 15406 23 7 13
0 15766 31 11 17
0 15845 27
0 15854 1 8 7
0 15928 26 2 2
0 15982 40
0 16098 33
0 16157 5 17 20
0 16242 30
0 16540 3 4 33 18 57
0 16844 12 13 5
0 16954 46 2 15
0 17143 31 7 11 10 1 3 22
0 17168 5 31 3 31 2
0 17244 3
0 17586 3
0 17987 2
0 18292 8
0 18737 12
0 19282 43
0 19606 14 10 3
0 19618 2 65 2
0 19675 6 11 2
