0 0 7 26 1
0 73 9 9 35
0 288 1
0 312 11 4 1 4 36
0 426 5 19 7 3 5
0 586 31
0 654 15 10 12
0 735 13
0 754 4 16 20 16 8
0 764 2
0 880 25
0 1073 1
0 1271 5 20 42 10 3 37 1 95 14 4 8
0 1420 2 17 75 13 18 4 6 1 2 62 6 25 7
0 1871 5
0 2017 23
0 2129 4 9 16 4 5 7 2 19 68
0 2203 12
0 2292 14
0 2461 8 12 51
0 2604 21
0 2633 1
0 2784 78
0 3014 6 7 64 20 8
0 3111 10 51 42 14 45
0 3176 39
0 3178 13
0 3587 26
0 3616 42 3 20
0 3811 10 13 9
0 3915 7 15 2
0 3919 23
0 4381 2
0 4422 7 2 28 32 11
0 4424 48 3 1
0 4487 4
0 4498 30
0 4551 12 23 3
0 4564 13 13 7 46 5 10 27
0 4575 10 28 27 14 4
0 4721 32
0 4744 15
0 4777 20 17 57
0 4825 23 34 24
0 4861 24 4 4
0 4959 12 1 10
0 4965 1
0 5023 27
0 5028 15 16 37
0 5113 7
0 5253 1 12 6
0 5297 4
0 5320 23
0 5330 11
0 5561 76
0 5572 3 30 66
0 5666 56 11 6
0 5753 24
0 5778 41
0 6206 14 11 11
0 6238 20 8 3
0 6260 16 57 3
0 6354 18
0 6484 4 7 11
0 6621 9
0 6754 8
0 6796 6 4 9 29 2
0 6966 33 29 10
0 7026 10 1 9 4 35
0 7038 8 3 45 3 12
0 7093 6 6 12 21 19
0 7179 16
0 7276 2
0 7443 35 13 1
0 7543 21
0 7550 8 10 9
0 7705 10 29 7
0 7722 23 7 13
0 7902 31 11 17
0 7942 27
0 7947 1 8 7
0 7984 26 2 2
0 8011 40
0 8069 33
0 8099 5 17 20
0 8142 30
0 8291 3 4 33 18 57
0 8443 12 13 5
0 8498 46 2 15
0 8593 31 7 11 10 1 3 22
0 8606 5 31 3 31 2
0 8644 3
0 8815 3
0 9016 2
0 9169 8
0 9392 12
0 9665 43
0 9827 14 10 3
0 9833 2 65 2
0 9862 6 11 2
