0 0 7 26 1
0 37 9 9 35
0 145 1
0 157 11 4 1 4 36
0 214 5 19 7 3 5
0 294 31
0 328 15 10 12
0 369 13
0 379 4 16 20 16 8
0 384 2
0 442 25
0 539 1
0 638 5 20 42 10 3 37 1 95 14 4 8
0 713 2 17 75 13 18 4 6 1 2 62 6 25 7
0 939 5
0 1012 23
0 1068 4 9 16 4 5 7 2 19 68
0 1105 12
0 1150 14
0 1235 8 12 51
0 1307 21
0 1322 1
0 1398 78
0 1513 6 7 64 20 8
0 1562 10 51 42 14 45
0 1595 39
0 1596 13
0 1801 26
0 1816 42 3 20
0 1914 10 13 9
0 1966 7 15 2
0 1968 23
0 2199 2
0 2220 7 2 28 32 11
0 2221 48 3 1
0 2253 4
0 2259 30
0 2286 12 23 3
0 2293 13 13 7 46 5 10 27
0 2299 10 28 27 14 4
0 2372 32
0 2384 15
0 2401 20 17 57
0 2425 23 34 24
0 2443 24 4 4
0 2492 12 1 10
0 2495 1
0 2524 27
0 2527 15 16 37
0 2570 7
0 2640 1 12 6
0 2662 4
0 2674 23
0 2679 11
0 2795 76
0 2801 3 30 66
0 2848 56 11 6
0 2892 24
0 2905 41
0 3119 14 11 11
0 3135 20 8 3
0 3146 16 57 3
0 3193 18
0 3258 4 7 11
0 3327 9
0 3394 8
0 3415 6 4 9 29 2
0 3500 33 29 10
0 3530 10 1 9 4 35
0 3536 8 3 45 3 12
0 3564 6 6 12 21 19
0 3607 16
0 3656 2
0 3740 35 13 1
0 3790 21
0 3794 8 10 9
0 3872 10 29 7
0 3881 23 7 13
0 3971 31 11 17
0 3991 27
0 3994 1 8 7
0 4013 26 2 2
0 4027 40
0 4056 33
0 4071 5 17 20
0 4093 30
0 4168 3 4 33 18 57
0 4244 12 13 5
0 4272 46 2 15
0 4320 31 7 11 10 1 3 22
0 4327 5 31 3 31 2
0 4346 3
0 4432 3
0 4533 2
0 4610 8
0 4722 12
0 4859 43
0 4940 14 10 3
0 4943 2 65 2
0 4958 6 11 2
