0 0 32 7 7
0 16 14
0 88 40
0 277 23
0 337 18
0 401 5 3 17
0 488 37
0 592 32 40 10 20 45 13 24
0 755 12
0 882 10 20 23
0 1253 16 5 12
0 1374 6
0 1567 6 1 32 8 25
0 1781 4
0 1956 6
0 2033 58
0 2199 6 9 1 2 47
0 2340 3
0 2562 13
0 2576 18 1 33
0 2723 43 2 27 12 37 6 4
0 3011 10 19 9 1 48
0 3136 1 32 13
0 3145 40 1 20
0 3371 4
0 3419 71 9 81
0 3571 20
0 3584 49
0 3592 19
0 4023 23 1 23
0 4045 2 12 1
0 4196 33
0 4319 33
0 4604 20 12 5 1 3
0 4792 9
0 4940 1
0 4951 36 19 16 14 1
0 5127 9 10 47
0 5444 33 1 5
0 5711 3 1 1
0 5733 47 8 4
0 5826 76 2 18
0 5929 8 15 3
0 5997 46
0 6024 2
0 6043 18 1 7
0 6432 12
0 6782 11 12 18 17 16
0 6960 22
0 7045 8 22 8
0 7047 47 2 16
0 7464 1 10 25
0 7495 13 11 5
0 7512 1 7 36 3 7 5 7
0 8055 26 64 7 20 40
0 8236 1 7 12
0 8245 3 3 11 27 17 12 12
0 8268 37
0 8319 50 4 16
0 8342 68 10 20 11 14
0 8423 17
0 8567 7 1 1
0 8707 15
0 8773 10 9 40
0 8830 6 49 26 16 17
0 8927 3
0 9051 59 9 10 3 11
0 9379 20 22 54
0 9430 2
0 9432 28
0 9459 12 14 12
0 9609 28 11 9
0 9745 13
0 9928 30 33 2
0 9936 34 4 28
0 9958 7 29 26
0 10052 22
0 10446 35 34 6 46 2
0 10637 24
0 10735 44 76 1 9 17 11 14
0 10938 1
0 11119 11
0 11222 22 47 18 22 10
0 11443 78
0 11664 12 6 2
0 11825 19 14 18 6 26 23 38
0 11942 17 7 50
0 12310 2
0 12400 36
0 12598 4 23 35 3 14
0 12966 1
0 13030 22
0 13273 10 15 3 16 24
0 13304 59
0 13397 5
0 13494 7 9 2
0 13762 25
0 13778 8
0 14194 18 1 6 2 27
0 14501 1
0 14540 33
0 14560 1 4 10 8 23
0 14721 39 7 6
0 14814 35 16 13
0 14867 26 10 83
0 15050 75
0 15223 27 63 6 6 32
0 15566 5
0 15922 66
0 15936 67
