0 0 47 7 10
0 16 21
0 88 59
0 277 34
0 337 26
0 401 7 3 25
0 488 55
0 592 47 40 15 20 67 13 35
0 755 17
0 882 14 20 34
0 1253 24 5 17
0 1374 8
0 1567 9 1 48 8 37
0 1781 5
0 1956 8
0 2033 87
0 2199 9 9 2 2 70
0 2340 4
0 2562 19
0 2576 26 1 49
0 2723 64 2 40 12 55 6 6
0 3011 15 19 13 1 71
0 3136 1 32 19
0 3145 60 1 30
0 3371 5
0 3419 106 9 121
0 3571 30
0 3584 73
0 3592 28
0 4023 35 1 35
0 4045 3 12 1
0 4196 49
0 4319 49
0 4604 30 12 7 1 5
0 4792 14
0 4940 1
0 4951 53 19 24 14 1
0 5127 14 10 70
0 5444 50 1 8
0 5711 4 1 1
0 5733 71 8 6
0 5826 114 2 27
0 5929 12 15 4
0 5997 69
0 6024 3
0 6043 26 1 11
0 6432 18
0 6782 16 12 27 17 23
0 6960 33
0 7045 12 22 11
0 7047 71 2 23
0 7464 2 10 37
0 7495 19 11 7
0 7512 2 7 53 3 10 5 10
0 8055 38 64 10 20 60
0 8236 2 7 17
0 8245 4 3 16 27 25 12 18
0 8268 55
0 8319 75 4 23
0 8342 102 10 29 11 21
0 8423 25
0 8567 11 1 2
0 8707 23
0 8773 15 9 59
0 8830 9 49 38 16 26
0 8927 5
0 9051 88 9 14 3 16
0 9379 30 22 81
0 9430 3
0 9432 42
0 9459 17 14 18
0 9609 41 11 13
0 9745 19
0 9928 45 33 3
0 9936 50 4 42
0 9958 11 29 39
0 10052 33
0 10446 52 34 9 46 2
0 10637 36
0 10735 66 76 1 9 26 11 20
0 10938 1
0 11119 17
0 11222 33 47 27 22 15
0 11443 117
0 11664 18 6 3
0 11825 28 14 27 6 39 23 56
0 11942 25 7 74
0 12310 3
0 12400 53
0 12598 5 23 52 3 21
0 12966 1
0 13030 33
0 13273 14 15 4 16 36
0 13304 88
0 13397 7
0 13494 11 9 3
0 13762 37
0 13778 12
0 14194 26 1 9 2 40
0 14501 2
0 14540 50
0 14560 1 4 15 8 35
0 14721 58 7 9
0 14814 52 16 19
0 14867 39 10 124
0 15050 112
0 15223 40 63 8 6 48
0 15566 7
0 15922 98
0 15936 100
