0 0 109 7 23
0 16 48
0 88 138
0 277 80
0 337 61
0 401 15 3 57
0 488 128
0 592 110 40 35 20 157 13 82
0 755 40
0 882 33 20 80
0 1253 56 5 40
0 1374 19
0 1567 20 1 110 8 87
0 1781 11
0 1956 18
0 2033 203
0 2199 21 9 3 2 163
0 2340 8
0 2562 44
0 2576 60 1 113
0 2723 148 2 92 12 129 6 14
0 3011 35 19 31 1 166
0 3136 2 32 43
0 3145 140 1 68
0 3371 12
0 3419 246 9 283
0 3571 69
0 3584 169
0 3592 65
0 4023 80 1 81
0 4045 6 12 1
0 4196 113
0 4319 114
0 4604 69 12 16 1 11
0 4792 31
0 4940 2
0 4951 124 19 55 14 1
0 5127 31 10 163
0 5444 115 1 17
0 5711 8 1 2
0 5733 164 8 13
0 5826 266 2 63
0 5929 27 15 10
0 5997 161
0 6024 6
0 6043 60 1 25
0 6432 41
0 6782 36 12 62 17 53
0 6960 77
0 7045 28 22 25
0 7047 165 2 54
0 7464 4 10 86
0 7495 43 11 15
0 7512 3 7 124 3 24 5 22
0 8055 88 64 23 20 140
0 8236 4 7 40
0 8245 8 3 36 27 58 12 41
0 8268 129
0 8319 175 4 53
0 8342 238 10 68 11 48
0 8423 58
0 8567 24 1 3
0 8707 52
0 8773 35 9 137
0 8830 21 49 89 16 60
0 8927 11
0 9051 205 9 32 3 37
0 9379 70 22 188
0 9430 6
0 9432 97
0 9459 39 14 40
0 9609 95 11 29
0 9745 43
0 9928 105 33 5
0 9936 117 4 98
0 9958 25 29 91
0 10052 75
0 10446 120 34 21 46 5
0 10637 84
0 10735 153 76 1 9 60 11 46
0 10938 3
0 11119 39
0 11222 77 47 63 22 35
0 11443 273
0 11664 40 6 7
0 11825 65 14 62 6 90 23 130
0 11942 58 7 172
0 12310 5
0 12400 124
0 12598 11 23 120 3 47
0 12966 1
0 13030 75
0 13273 33 15 8 16 84
0 13304 204
0 13397 15
0 13494 25 9 6
0 13762 85
0 13778 28
0 14194 60 1 20 2 93
0 14501 3
0 14540 115
0 14560 2 4 34 8 80
0 14721 136 7 20
0 14814 120 16 44
0 14867 90 10 290
0 15050 260
0 15223 93 63 19 6 111
0 15566 15
0 15922 228
0 15936 234
