0 0 94 7 19
0 16 41
0 88 118
0 277 68
0 337 52
0 401 13 3 49
0 488 110
0 592 94 40 30 20 134 13 70
0 755 34
0 882 28 20 68
0 1253 48 5 34
0 1374 16
0 1567 17 1 95 8 74
0 1781 10
0 1956 16
0 2033 174
0 2199 18 9 3 2 140
0 2340 7
0 2562 38
0 2576 52 1 97
0 2723 127 2 79 12 110 6 12
0 3011 30 19 26 1 142
0 3136 2 32 37
0 3145 120 1 59
0 3371 10
0 3419 211 9 242
0 3571 60
0 3584 145
0 3592 56
0 4023 69 1 69
0 4045 5 12 1
0 4196 97
0 4319 98
0 4604 59 12 14 1 9
0 4792 27
0 4940 2
0 4951 106 19 47 14 1
0 5127 27 10 140
0 5444 99 1 15
0 5711 7 1 2
0 5733 141 8 11
0 5826 228 2 54
0 5929 23 15 8
0 5997 138
0 6024 6
0 6043 52 1 21
0 6432 36
0 6782 31 12 53 17 46
0 6960 66
0 7045 24 22 22
0 7047 141 2 46
0 7464 3 10 73
0 7495 37 11 13
0 7512 3 7 106 3 20 5 19
0 8055 76 64 20 20 120
0 8236 3 7 34
0 8245 7 3 31 27 50 12 35
0 8268 110
0 8319 150 4 46
0 8342 204 10 58 11 41
0 8423 50
0 8567 21 1 3
0 8707 45
0 8773 30 9 118
0 8830 18 49 76 16 51
0 8927 9
0 9051 176 9 28 3 32
0 9379 60 22 161
0 9430 6
0 9432 84
0 9459 34 14 35
0 9609 82 11 25
0 9745 37
0 9928 90 33 5
0 9936 100 4 84
0 9958 21 29 78
0 10052 65
0 10446 103 34 18 46 4
0 10637 72
0 10735 131 76 1 9 51 11 40
0 10938 2
0 11119 33
0 11222 66 47 54 22 30
0 11443 234
0 11664 35 6 6
0 11825 56 14 53 6 77 23 112
0 11942 50 7 148
0 12310 5
0 12400 106
0 12598 10 23 103 3 41
0 12966 1
0 13030 65
0 13273 28 15 7 16 72
0 13304 175
0 13397 13
0 13494 21 9 5
0 13762 73
0 13778 24
0 14194 52 1 17 2 80
0 14501 3
0 14540 99
0 14560 1 4 29 8 69
0 14721 116 7 17
0 14814 103 16 38
0 14867 77 10 248
0 15050 223
0 15223 80 63 16 6 95
0 15566 13
0 15922 196
0 15936 200
