0 0 63 7 13
0 16 27
0 88 79
0 277 46
0 337 35
0 401 9 3 33
0 488 73
0 592 63 40 20 20 90 13 47
0 755 23
0 882 19 20 46
0 1253 32 5 23
0 1374 11
0 1567 11 1 63 8 50
0 1781 7
0 1956 11
0 2033 116
0 2199 12 9 2 2 93
0 2340 5
0 2562 25
0 2576 35 1 65
0 2723 85 2 53 12 74 6 8
0 3011 20 19 18 1 95
0 3136 1 32 25
0 3145 80 1 39
0 3371 7
0 3419 141 9 162
0 3571 40
0 3584 97
0 3592 38
0 4023 46 1 46
0 4045 4 12 1
0 4196 65
0 4319 65
0 4604 40 12 9 1 6
0 4792 18
0 4940 1
0 4951 71 19 32 14 1
0 5127 18 10 93
0 5444 66 1 10
0 5711 5 1 1
0 5733 94 8 8
0 5826 152 2 36
0 5929 16 15 6
0 5997 92
0 6024 4
0 6043 35 1 14
0 6432 24
0 6782 21 12 36 17 31
0 6960 44
0 7045 16 22 15
0 7047 94 2 31
0 7464 2 10 49
0 7495 25 11 9
0 7512 2 7 71 3 14 5 13
0 8055 51 64 13 20 80
0 8236 2 7 23
0 8245 5 3 21 27 33 12 24
0 8268 74
0 8319 100 4 31
0 8342 136 10 39 11 28
0 8423 33
0 8567 14 1 2
0 8707 30
0 8773 20 9 79
0 8830 12 49 51 16 34
0 8927 6
0 9051 117 9 19 3 21
0 9379 40 22 108
0 9430 4
0 9432 56
0 9459 23 14 23
0 9609 55 11 17
0 9745 25
0 9928 60 33 3
0 9936 67 4 56
0 9958 14 29 52
0 10052 43
0 10446 69 34 12 46 3
0 10637 48
0 10735 88 76 1 9 34 11 27
0 10938 2
0 11119 22
0 11222 44 47 36 22 20
0 11443 156
0 11664 23 6 4
0 11825 37 14 36 6 52 23 75
0 11942 34 7 99
0 12310 3
0 12400 71
0 12598 7 23 69 3 27
0 12966 1
0 13030 43
0 13273 19 15 5 16 48
0 13304 117
0 13397 9
0 13494 14 9 3
0 13762 49
0 13778 16
0 14194 35 1 12 2 53
0 14501 2
0 14540 66
0 14560 1 4 19 8 46
0 14721 78 7 12
0 14814 69 16 25
0 14867 52 10 166
0 15050 149
0 15223 53 63 11 6 64
0 15566 9
0 15922 131
0 15936 134
