0 0 16 7 4
0 16 7
0 88 20
0 277 12
0 337 9
0 401 3 3 9
0 488 19
0 592 16 40 5 20 23 13 12
0 755 6
0 882 5 20 12
0 1253 8 5 6
0 1374 3
0 1567 3 1 16 8 13
0 1781 2
0 1956 3
0 2033 29
0 2199 3 9 1 2 24
0 2340 2
0 2562 7
0 2576 9 1 17
0 2723 22 2 14 12 19 6 2
0 3011 5 19 5 1 24
0 3136 1 32 7
0 3145 20 1 10
0 3371 2
0 3419 36 9 41
0 3571 10
0 3584 25
0 3592 10
0 4023 12 1 12
0 4045 1 12 1
0 4196 17
0 4319 17
0 4604 10 12 3 1 2
0 4792 5
0 4940 1
0 4951 18 19 8 14 1
0 5127 5 10 24
0 5444 17 1 3
0 5711 2 1 1
0 5733 24 8 2
0 5826 38 2 9
0 5929 4 15 2
0 5997 23
0 6024 1
0 6043 9 1 4
0 6432 6
0 6782 6 12 9 17 8
0 6960 11
0 7045 4 22 4
0 7047 24 2 8
0 7464 1 10 13
0 7495 7 11 3
0 7512 1 7 18 3 4 5 4
0 8055 13 64 4 20 20
0 8236 1 7 6
0 8245 2 3 6 27 9 12 6
0 8268 19
0 8319 25 4 8
0 8342 34 10 10 11 7
0 8423 9
0 8567 4 1 1
0 8707 8
0 8773 5 9 20
0 8830 3 49 13 16 9
0 8927 2
0 9051 30 9 5 3 6
0 9379 10 22 27
0 9430 1
0 9432 14
0 9459 6 14 6
0 9609 14 11 5
0 9745 7
0 9928 15 33 1
0 9936 17 4 14
0 9958 4 29 13
0 10052 11
0 10446 18 34 3 46 1
0 10637 12
0 10735 22 76 1 9 9 11 7
0 10938 1
0 11119 6
0 11222 11 47 9 22 5
0 11443 39
0 11664 6 6 1
0 11825 10 14 9 6 13 23 19
0 11942 9 7 25
0 12310 1
0 12400 18
0 12598 2 23 18 3 7
0 12966 1
0 13030 11
0 13273 5 15 2 16 12
0 13304 30
0 13397 3
0 13494 4 9 1
0 13762 13
0 13778 4
0 14194 9 1 3 2 14
0 14501 1
0 14540 17
0 14560 1 4 5 8 12
0 14721 20 7 3
0 14814 18 16 7
0 14867 13 10 42
0 15050 38
0 15223 14 63 3 6 16
0 15566 3
0 15922 33
0 15936 34
