0 0 78 7 16
0 16 34
0 88 99
0 277 57
0 337 44
0 401 11 3 41
0 488 91
0 592 78 40 25 20 112 13 59
0 755 29
0 882 23 20 57
0 1253 40 5 29
0 1374 13
0 1567 14 1 79 8 62
0 1781 8
0 1956 13
0 2033 145
0 2199 15 9 2 2 116
0 2340 6
0 2562 32
0 2576 43 1 81
0 2723 106 2 66 12 92 6 10
0 3011 25 19 22 1 119
0 3136 1 32 31
0 3145 100 1 49
0 3371 8
0 3419 176 9 202
0 3571 50
0 3584 121
0 3592 47
0 4023 57 1 58
0 4045 5 12 1
0 4196 81
0 4319 81
0 4604 50 12 12 1 8
0 4792 23
0 4940 1
0 4951 89 19 39 14 1
0 5127 22 10 117
0 5444 82 1 13
0 5711 6 1 1
0 5733 118 8 10
0 5826 190 2 45
0 5929 20 15 7
0 5997 115
0 6024 5
0 6043 43 1 18
0 6432 30
0 6782 26 12 45 17 38
0 6960 55
0 7045 20 22 18
0 7047 118 2 39
0 7464 3 10 61
0 7495 31 11 11
0 7512 2 7 89 3 17 5 16
0 8055 63 64 17 20 100
0 8236 3 7 28
0 8245 6 3 26 27 42 12 30
0 8268 92
0 8319 125 4 38
0 8342 170 10 49 11 35
0 8423 42
0 8567 17 1 2
0 8707 37
0 8773 25 9 98
0 8830 15 49 63 16 43
0 8927 8
0 9051 147 9 23 3 27
0 9379 50 22 134
0 9430 5
0 9432 70
0 9459 28 14 29
0 9609 68 11 21
0 9745 31
0 9928 75 33 4
0 9936 84 4 70
0 9958 18 29 65
0 10052 54
0 10446 86 34 15 46 4
0 10637 60
0 10735 110 76 1 9 43 11 33
0 10938 2
0 11119 28
0 11222 55 47 45 22 25
0 11443 195
0 11664 29 6 5
0 11825 46 14 45 6 65 23 93
0 11942 42 7 123
0 12310 4
0 12400 88
0 12598 8 23 86 3 34
0 12966 1
0 13030 54
0 13273 24 15 6 16 60
0 13304 146
0 13397 11
0 13494 18 9 4
0 13762 61
0 13778 20
0 14194 43 1 15 2 67
0 14501 2
0 14540 82
0 14560 1 4 24 8 57
0 14721 97 7 14
0 14814 86 16 31
0 14867 64 10 207
0 15050 186
0 15223 66 63 14 6 79
0 15566 11
0 15922 163
0 15936 167
