0 0 33 35 9 26 15
0 79 17
0 109 3 28 24
0 691 24 24 70
0 811 5
0 860 3
0 947 2 4 27 4 15
0 1052 1
0 1510 14 14 3 22 7 17 2 73 24
0 1642 6 4 1
0 1756 64 1 26
0 1811 4 13 7
0 1878 23 29 19 2 51
0 2212 11 12 22
0 2329 105 34 45 22 52 20 38
0 2416 22 39 11
0 2786 82 3 15
0 2794 4
0 2875 30 8 40
0 2980 14
0 3198 25
0 3229 4 4 57
0 3515 10
0 3517 24 1 4
0 3805 13 49 28
0 4022 8 1 4
0 4060 16
0 4492 9
0 4606 7
0 4848 3 12 11
0 4880 27 12 9 13 21 7 44
0 4891 9 15 17
0 4912 2 8 12
0 4922 17
0 5060 8
0 5136 10 5 13 9 1 18 10
0 5312 39 9 8 48 13
0 5411 15 10 10 10 1
0 5841 6 7 14
0 6096 1 22 11
0 6625 36 19 22
0 6693 20 68 15
0 6973 16 25 8
0 7165 12 12 49
0 7166 9
0 7262 6 18 3 49 16
0 7264 22 10 21 5 13
0 7289 9 14 25
0 7352 31 29 21 4 5 5 36
0 7510 15 16 33
0 7691 9 38 17
0 7756 35 22 31 18 14
0 7943 7 3 45
0 8075 3
0 8297 22
0 8332 5 10 3
0 8439 1 63 28
0 8541 4
0 8739 22
0 8758 23 7 11
0 9024 55 5 37
0 9050 3 3 20
0 9243 10 13 6
0 9548 36
0 9723 22
0 9984 5
0 10035 22 19 6
0 10036 2 20 20 10 19
0 10102 10 3 74 47 34
0 10328 2
0 10470 1
0 10507 7 5 4
0 10710 6 27 5
0 11111 11
0 11272 30 20 34 33 33
0 11283 15 5 109 13 18
0 11347 8 30 50 18 33
0 11510 9 9 18 1 11 18 9
0 11603 7 19 86
0 11628 9 12 11 11 26
0 11667 12
0 12111 29 11 18 1 18
0 12370 13
0 12371 13 31 9
0 12403 3 3 48 9 24 18 40 2 6
0 12582 13 11 3
0 12760 41 10 14
0 12765 54 8 9
0 12787 9 2 37
0 12896 14
0 13094 19 12 39
0 13275 14 8 2 5 40 4 5 22 6
0 13480 33 1 25 10 1
0 13580 10 23 19
0 13607 19 37 29
0 13631 1
0 13767 6
0 13959 47 6 1 30 5 1 22
0 14045 1
0 14075 2 10 2 13 4
0 14119 9
0 14144 9 42 7
0 14229 8 25 14
0 14393 25 13 30 7 25
0 14977 5
0 14988 24 6 27 25 4
0 15060 13 3 98
0 15141 24
0 15269 2 8 14
0 15794 29 27 19
