0 0 49 35 13 26 22
0 79 26
0 109 4 28 35
0 691 36 24 105
0 811 7
0 860 5
0 947 3 4 40 4 22
0 1052 1
0 1510 21 14 5 22 10 17 3 73 36
0 1642 9 4 1
0 1756 96 1 38
0 1811 6 13 10
0 1878 34 29 28 2 76
0 2212 16 12 32
0 2329 157 34 67 22 78 20 56
0 2416 33 39 16
0 2786 122 3 22
0 2794 6
0 2875 44 8 60
0 2980 21
0 3198 38
0 3229 5 4 85
0 3515 14
0 3517 35 1 5
0 3805 20 49 42
0 4022 11 1 6
0 4060 24
0 4492 13
0 4606 10
0 4848 4 12 17
0 4880 41 12 14 13 31 7 66
0 4891 13 15 25
0 4912 2 8 17
0 4922 25
0 5060 11
0 5136 14 5 19 9 1 18 15
0 5312 59 9 12 48 20
0 5411 22 10 15 10 1
0 5841 9 7 21
0 6096 1 22 16
0 6625 54 19 33
0 6693 30 68 22
0 6973 23 25 12
0 7165 18 12 73
0 7166 13
0 7262 8 18 4 49 24
0 7264 33 10 31 5 19
0 7289 13 14 37
0 7352 46 29 32 4 8 5 54
0 7510 22 16 49
0 7691 14 38 25
0 7756 53 22 46 18 21
0 7943 10 3 68
0 8075 5
0 8297 33
0 8332 7 10 4
0 8439 1 63 42
0 8541 6
0 8739 33
0 8758 35 7 16
0 9024 82 5 56
0 9050 4 3 30
0 9243 15 13 9
0 9548 54
0 9723 33
0 9984 7
0 10035 33 19 8
0 10036 2 20 30 10 29
0 10102 14 3 110 47 51
0 10328 3
0 10470 1
0 10507 10 5 6
0 10710 9 27 7
0 11111 16
0 11272 45 20 51 33 49
0 11283 22 5 163 13 27
0 11347 11 30 75 18 49
0 11510 13 9 27 1 16 18 13
0 11603 10 19 129
0 11628 13 12 17 11 38
0 11667 18
0 12111 43 11 27 1 27
0 12370 20
0 12371 19 31 13
0 12403 4 3 71 9 35 18 59 2 9
0 12582 19 11 5
0 12760 61 10 21
0 12765 81 8 13
0 12787 13 2 55
0 12896 21
0 13094 28 12 59
0 13275 20 8 2 5 60 4 7 22 9
0 13480 49 1 37 10 2
0 13580 15 23 28
0 13607 29 37 43
0 13631 1
0 13767 8
0 13959 70 6 2 30 7 1 33
0 14045 1
0 14075 3 10 3 13 5
0 14119 13
0 14144 14 42 10
0 14229 12 25 21
0 14393 37 13 44 7 38
0 14977 7
0 14988 36 6 41 25 5
0 15060 19 3 147
0 15141 35
0 15269 3 8 21
0 15794 43 27 28
