0 0 65 35 17 26 29
0 79 34
0 109 5 28 47
0 691 48 24 140
0 811 9
0 860 6
0 947 4 4 53 4 29
0 1052 1
0 1510 28 14 6 22 13 17 4 73 48
0 1642 12 4 2
0 1756 127 1 51
0 1811 7 13 13
0 1878 45 29 37 2 102
0 2212 21 12 43
0 2329 210 34 89 22 104 20 75
0 2416 43 39 21
0 2786 163 3 30
0 2794 8
0 2875 59 8 80
0 2980 28
0 3198 50
0 3229 7 4 113
0 3515 19
0 3517 47 1 7
0 3805 26 49 56
0 4022 15 1 7
0 4060 32
0 4492 17
0 4606 13
0 4848 6 12 22
0 4880 54 12 18 13 41 7 88
0 4891 17 15 33
0 4912 3 8 23
0 4922 33
0 5060 15
0 5136 19 5 26 9 1 18 20
0 5312 78 9 16 48 26
0 5411 30 10 19 10 2
0 5841 12 7 28
0 6096 1 22 21
0 6625 72 19 44
0 6693 39 68 30
0 6973 31 25 16
0 7165 24 12 97
0 7166 17
0 7262 11 18 5 49 32
0 7264 44 10 41 5 25
0 7289 17 14 50
0 7352 61 29 42 4 10 5 72
0 7510 29 16 66
0 7691 18 38 33
0 7756 70 22 61 18 28
0 7943 13 3 90
0 8075 6
0 8297 44
0 8332 10 10 5
0 8439 2 63 56
0 8541 8
0 8739 44
0 8758 46 7 21
0 9024 110 5 74
0 9050 5 3 40
0 9243 20 13 12
0 9548 71
0 9723 44
0 9984 9
0 10035 44 19 11
0 10036 3 20 39 10 38
0 10102 19 3 147 47 67
0 10328 4
0 10470 1
0 10507 13 5 8
0 10710 12 27 9
0 11111 21
0 11272 60 20 68 33 66
0 11283 29 5 217 13 36
0 11347 15 30 99 18 65
0 11510 18 9 36 1 21 18 18
0 11603 13 19 172
0 11628 18 12 22 11 51
0 11667 24
0 12111 57 11 36 1 36
0 12370 26
0 12371 25 31 18
0 12403 5 3 95 9 47 18 79 2 12
0 12582 25 11 6
0 12760 81 10 28
0 12765 108 8 17
0 12787 17 2 74
0 12896 28
0 13094 37 12 78
0 13275 27 8 3 5 80 4 9 22 12
0 13480 66 1 49 10 2
0 13580 20 23 37
0 13607 38 37 57
0 13631 1
0 13767 11
0 13959 93 6 2 30 9 1 44
0 14045 2
0 14075 4 10 4 13 7
0 14119 17
0 14144 18 42 13
0 14229 16 25 28
0 14393 50 13 59 7 50
0 14977 9
0 14988 48 6 54 25 7
0 15060 25 3 196
0 15141 47
0 15269 4 8 28
0 15794 57 27 37
