0 0 82 35 21 26 37
0 79 42
0 109 6 28 59
0 691 59 24 175
0 811 11
0 860 8
0 947 5 4 66 4 36
0 1052 1
0 1510 35 14 8 22 16 17 4 73 60
0 1642 15 4 2
0 1756 159 1 63
0 1811 9 13 16
0 1878 56 29 46 2 127
0 2212 26 12 54
0 2329 262 34 111 22 130 20 93
0 2416 54 39 27
0 2786 204 3 37
0 2794 10
0 2875 74 8 99
0 2980 34
0 3198 62
0 3229 8 4 142
0 3515 23
0 3517 59 1 9
0 3805 32 49 69
0 4022 19 1 9
0 4060 39
0 4492 22
0 4606 16
0 4848 7 12 27
0 4880 68 12 23 13 51 7 110
0 4891 21 15 41
0 4912 4 8 28
0 4922 42
0 5060 18
0 5136 24 5 32 9 1 18 25
0 5312 97 9 20 48 33
0 5411 37 10 24 10 2
0 5841 15 7 34
0 6096 1 22 27
0 6625 90 19 55
0 6693 49 68 37
0 6973 38 25 20
0 7165 29 12 121
0 7166 21
0 7262 13 18 6 49 40
0 7264 55 10 51 5 31
0 7289 21 14 62
0 7352 77 29 53 4 13 5 90
0 7510 36 16 82
0 7691 23 38 41
0 7756 88 22 76 18 35
0 7943 17 3 113
0 8075 7
0 8297 55
0 8332 12 10 7
0 8439 2 63 70
0 8541 10
0 8739 55
0 8758 57 7 26
0 9024 137 5 92
0 9050 6 3 50
0 9243 25 13 15
0 9548 89
0 9723 54
0 9984 11
0 10035 54 19 13
0 10036 3 20 49 10 48
0 10102 23 3 183 47 84
0 10328 4
0 10470 1
0 10507 16 5 10
0 10710 15 27 11
0 11111 27
0 11272 75 20 84 33 82
0 11283 36 5 271 13 44
0 11347 18 30 124 18 81
0 11510 22 9 45 1 26 18 22
0 11603 16 19 215
0 11628 22 12 27 11 63
0 11667 29
0 12111 72 11 45 1 45
0 12370 33
0 12371 31 31 22
0 12403 6 3 118 9 58 18 98 2 15
0 12582 31 11 7
0 12760 102 10 34
0 12765 135 8 21
0 12787 22 2 92
0 12896 35
0 13094 46 12 97
0 13275 34 8 3 5 100 4 11 22 15
0 13480 82 1 61 10 2
0 13580 25 23 46
0 13607 48 37 72
0 13631 1
0 13767 14
0 13959 116 6 2 30 11 1 55
0 14045 2
0 14075 5 10 5 13 8
0 14119 21
0 14144 23 42 16
0 14229 20 25 35
0 14393 62 13 74 7 63
0 14977 11
0 14988 60 6 67 25 9
0 15060 31 3 245
0 15141 59
0 15269 5 8 35
0 15794 72 27 46
