0 0 17 35 5 26 8
0 79 9
0 109 2 28 12
0 691 12 24 35
0 811 3
0 860 2
0 947 1 4 14 4 8
0 1052 1
0 1510 7 14 2 22 4 17 1 73 12
0 1642 3 4 1
0 1756 32 1 13
0 1811 2 13 4
0 1878 12 29 10 2 26
0 2212 6 12 11
0 2329 53 34 23 22 26 20 19
0 2416 11 39 6
0 2786 41 3 8
0 2794 2
0 2875 15 8 20
0 2980 7
0 3198 13
0 3229 2 4 29
0 3515 5
0 3517 12 1 2
0 3805 7 49 14
0 4022 4 1 2
0 4060 8
0 4492 5
0 4606 4
0 4848 2 12 6
0 4880 14 12 5 13 11 7 22
0 4891 5 15 9
0 4912 1 8 6
0 4922 9
0 5060 4
0 5136 5 5 7 9 1 18 5
0 5312 20 9 4 48 7
0 5411 8 10 5 10 1
0 5841 3 7 7
0 6096 1 22 6
0 6625 18 19 11
0 6693 10 68 8
0 6973 8 25 4
0 7165 6 12 25
0 7166 5
0 7262 3 18 2 49 8
0 7264 11 10 11 5 7
0 7289 5 14 13
0 7352 16 29 11 4 3 5 18
0 7510 8 16 17
0 7691 5 38 9
0 7756 18 22 16 18 7
0 7943 4 3 23
0 8075 2
0 8297 11
0 8332 3 10 2
0 8439 1 63 14
0 8541 2
0 8739 11
0 8758 12 7 6
0 9024 28 5 19
0 9050 2 3 10
0 9243 5 13 3
0 9548 18
0 9723 11
0 9984 3
0 10035 11 19 3
0 10036 1 20 10 10 10
0 10102 5 3 37 47 17
0 10328 1
0 10470 1
0 10507 4 5 2
0 10710 3 27 3
0 11111 6
0 11272 15 20 17 33 17
0 11283 8 5 55 13 9
0 11347 4 30 25 18 17
0 11510 5 9 9 1 6 18 5
0 11603 4 19 43
0 11628 5 12 6 11 13
0 11667 6
0 12111 15 11 9 1 9
0 12370 7
0 12371 7 31 5
0 12403 2 3 24 9 12 18 20 2 3
0 12582 7 11 2
0 12760 21 10 7
0 12765 27 8 5
0 12787 5 2 19
0 12896 7
0 13094 10 12 20
0 13275 7 8 1 5 20 4 3 22 3
0 13480 17 1 13 10 1
0 13580 5 23 10
0 13607 10 37 15
0 13631 1
0 13767 3
0 13959 24 6 1 30 3 1 11
0 14045 1
0 14075 1 10 1 13 2
0 14119 5
0 14144 5 42 4
0 14229 4 25 7
0 14393 13 13 15 7 13
0 14977 3
0 14988 12 6 14 25 2
0 15060 7 3 49
0 15141 12
0 15269 1 8 7
0 15794 15 27 10
