0 0 98 35 26 26 44
0 79 51
0 109 7 28 70
0 691 71 24 210
0 811 13
0 860 9
0 947 6 4 79 4 43
0 1052 1
0 1510 42 14 9 22 20 17 5 73 72
0 1642 18 4 2
0 1756 191 1 76
0 1811 11 13 19
0 1878 67 29 55 2 152
0 2212 31 12 64
0 2329 314 34 133 22 156 20 112
0 2416 65 39 32
0 2786 244 3 44
0 2794 12
0 2875 88 8 119
0 2980 41
0 3198 75
0 3229 10 4 170
0 3515 28
0 3517 70 1 10
0 3805 39 49 83
0 4022 22 1 11
0 4060 47
0 4492 26
0 4606 19
0 4848 8 12 33
0 4880 81 12 27 13 62 7 132
0 4891 25 15 49
0 4912 4 8 34
0 4922 50
0 5060 22
0 5136 28 5 38 9 1 18 30
0 5312 117 9 24 48 39
0 5411 44 10 29 10 2
0 5841 18 7 41
0 6096 1 22 32
0 6625 108 19 66
0 6693 59 68 44
0 6973 46 25 24
0 7165 35 12 145
0 7166 25
0 7262 16 18 8 49 48
0 7264 65 10 61 5 37
0 7289 25 14 74
0 7352 92 29 63 4 15 5 107
0 7510 43 16 98
0 7691 27 38 50
0 7756 105 22 91 18 41
0 7943 20 3 135
0 8075 9
0 8297 66
0 8332 14 10 8
0 8439 2 63 84
0 8541 12
0 8739 66
0 8758 69 7 31
0 9024 164 5 111
0 9050 7 3 60
0 9243 30 13 17
0 9548 107
0 9723 65
0 9984 14
0 10035 65 19 16
0 10036 4 20 59 10 57
0 10102 28 3 220 47 101
0 10328 5
0 10470 1
0 10507 20 5 12
0 10710 18 27 13
0 11111 32
0 11272 90 20 101 33 98
0 11283 43 5 325 13 53
0 11347 22 30 149 18 97
0 11510 26 9 54 1 31 18 26
0 11603 19 19 257
0 11628 26 12 33 11 76
0 11667 35
0 12111 86 11 54 1 54
0 12370 39
0 12371 37 31 26
0 12403 7 3 142 9 70 18 118 2 18
0 12582 37 11 9
0 12760 122 10 41
0 12765 162 8 25
0 12787 26 2 110
0 12896 42
0 13094 55 12 117
0 13275 40 8 4 5 120 4 13 22 18
0 13480 98 1 73 10 3
0 13580 30 23 55
0 13607 57 37 86
0 13631 1
0 13767 16
0 13959 139 6 3 30 14 1 66
0 14045 2
0 14075 6 10 6 13 10
0 14119 25
0 14144 27 42 19
0 14229 24 25 42
0 14393 74 13 88 7 75
0 14977 13
0 14988 72 6 81 25 10
0 15060 37 3 294
0 15141 70
0 15269 6 8 42
0 15794 86 27 56
