0 0 114 35 30 26 51
0 79 59
0 109 8 28 82
0 691 83 24 245
0 811 16
0 860 11
0 947 7 4 92 4 50
0 1052 1
0 1510 49 14 11 22 23 17 6 73 84
0 1642 21 4 3
0 1756 222 1 89
0 1811 12 13 22
0 1878 78 29 64 2 177
0 2212 36 12 75
0 2329 366 34 156 22 182 20 130
0 2416 75 39 37
0 2786 285 3 51
0 2794 13
0 2875 103 8 139
0 2980 48
0 3198 87
0 3229 11 4 198
0 3515 32
0 3517 82 1 12
0 3805 45 49 97
0 4022 26 1 12
0 4060 55
0 4492 30
0 4606 22
0 4848 10 12 38
0 4880 94 12 32 13 72 7 154
0 4891 29 15 57
0 4912 5 8 40
0 4922 58
0 5060 26
0 5136 33 5 45 9 1 18 35
0 5312 136 9 28 48 45
0 5411 52 10 33 10 2
0 5841 21 7 48
0 6096 1 22 37
0 6625 126 19 77
0 6693 69 68 51
0 6973 53 25 28
0 7165 41 12 169
0 7166 30
0 7262 19 18 9 49 56
0 7264 76 10 71 5 43
0 7289 29 14 86
0 7352 107 29 74 4 17 5 125
0 7510 50 16 114
0 7691 32 38 58
0 7756 123 22 106 18 48
0 7943 23 3 158
0 8075 10
0 8297 76
0 8332 16 10 9
0 8439 2 63 98
0 8541 14
0 8739 77
0 8758 80 7 37
0 9024 191 5 129
0 9050 8 3 70
0 9243 35 13 20
0 9548 124
0 9723 76
0 9984 16
0 10035 76 19 19
0 10036 5 20 68 10 66
0 10102 32 3 257 47 117
0 10328 6
0 10470 1
0 10507 23 5 14
0 10710 21 27 15
0 11111 37
0 11272 105 20 118 33 114
0 11283 50 5 379 13 62
0 11347 25 30 174 18 113
0 11510 31 9 63 1 36 18 30
0 11603 23 19 300
0 11628 30 12 38 11 88
0 11667 41
0 12111 100 11 63 1 62
0 12370 46
0 12371 43 31 31
0 12403 8 3 166 9 81 18 137 2 20
0 12582 43 11 10
0 12760 142 10 48
0 12765 189 8 29
0 12787 30 2 129
0 12896 49
0 13094 64 12 136
0 13275 47 8 5 5 140 4 16 22 21
0 13480 115 1 85 10 3
0 13580 35 23 64
0 13607 66 37 100
0 13631 1
0 13767 19
0 13959 162 6 3 30 16 1 77
0 14045 3
0 14075 7 10 7 13 11
0 14119 29
0 14144 31 42 22
0 14229 28 25 49
0 14393 86 13 103 7 88
0 14977 15
0 14988 84 6 94 25 12
0 15060 44 3 343
0 15141 82
0 15269 7 8 49
0 15794 100 27 65
