0 0 24 7 5
0 11 11
0 59 30
0 185 17
0 225 13
0 268 4 3 13
0 326 28
0 396 24 40 8 20 34 13 18
0 505 9
0 590 7 20 17
0 838 12 5 9
0 919 4
0 1048 5 1 24 8 19
0 1191 3
0 1308 4
0 1359 44
0 1470 5 9 1 2 35
0 1564 2
0 1712 10
0 1722 13 1 25
0 1820 32 2 20 12 28 6 3
0 2012 8 19 7 1 36
0 2096 1 32 10
0 2102 30 1 15
0 2253 3
0 2285 53 9 61
0 2387 15
0 2396 37
0 2402 14
0 2689 18 1 18
0 2704 2 12 1
0 2805 25
0 2887 25
0 3077 15 12 4 1 3
0 3202 7
0 3301 1
0 3308 27 19 12 14 1
0 3425 7 10 35
0 3637 25 1 4
0 3815 2 1 1
0 3830 36 8 3
0 3892 57 2 14
0 3961 6 15 2
0 4006 35
0 4024 2
0 4037 13 1 6
0 4297 9
0 4531 8 12 14 17 12
0 4650 17
0 4707 6 22 6
0 4709 36 2 12
0 4987 1 10 19
0 5008 10 11 4
0 5019 1 7 27 3 5 5 5
0 5381 19 64 5 20 30
0 5502 1 7 9
0 5508 2 3 8 27 13 12 9
0 5523 28
0 5557 38 4 12
0 5573 51 10 15 11 11
0 5627 13
0 5723 6 1 1
0 5816 12
0 5860 8 9 30
0 5898 5 49 19 16 13
0 5963 3
0 6046 44 9 7 3 8
0 6265 15 22 41
0 6299 2
0 6300 21
0 6318 9 14 9
0 6418 21 11 7
0 6509 10
0 6631 23 33 2
0 6636 25 4 21
0 6651 6 29 20
0 6714 17
0 6977 26 34 5 46 1
0 7104 18
0 7170 33 76 1 9 13 11 10
0 7306 1
0 7427 9
0 7496 17 47 14 22 8
0 7643 59
0 7791 9 6 2
0 7899 14 14 14 6 20 23 28
0 7977 13 7 37
0 8223 2
0 8283 27
0 8415 3 23 26 3 11
0 8660 1
0 8703 17
0 8865 7 15 2 16 18
0 8886 44
0 8948 4
0 9013 6 9 2
0 9192 19
0 9203 6
0 9480 13 1 5 2 20
0 9685 1
