0 0 24 7 5
0 21 11
0 116 30
0 368 17
0 448 13
0 533 4 3 13
0 649 28
0 788 24 40 8 20 34 13 18
0 1005 9
0 1174 7 20 17
0 1669 12 5 9
0 1831 4
0 2088 5 1 24 8 19
0 2373 3
0 2606 4
0 2708 44
0 2929 5 9 1 2 35
0 3116 2
0 3412 10
0 3431 13 1 25
0 3626 32 2 20 12 28 6 3
0 4010 8 19 7 1 36
0 4177 1 32 10
0 4188 30 1 15
0 4489 3
0 4553 53 9 61
0 4756 15
0 4774 37
0 4785 14
0 5359 18 1 18
0 5389 2 12 1
0 5590 25
0 5753 25
0 6132 15 12 4 1 3
0 6382 7
0 6579 1
0 6593 27 19 12 14 1
0 6827 7 10 35
0 7250 25 1 4
0 7606 2 1 1
0 7636 36 8 3
0 7760 57 2 14
0 7898 6 15 2
0 7988 35
0 8024 2
0 8050 13 1 6
0 8569 9
0 9036 8 12 14 17 12
0 9273 17
0 9386 6 22 6
0 9389 36 2 12
0 9945 1 10 19
0 9986 10 11 4
0 10008 1 7 27 3 5 5 5
0 10732 19 64 5 20 30
0 10973 1 7 9
0 10985 2 3 8 27 13 12 9
0 11015 28
0 11083 38 4 12
0 11114 51 10 15 11 11
0 11222 13
0 11414 6 1 1
0 11600 12
0 11688 8 9 30
0 11764 5 49 19 16 13
0 11894 3
0 12059 44 9 7 3 8
0 12496 15 22 41
0 12564 2
0 12566 21
0 12602 9 14 9
0 12802 21 11 7
0 12983 10
0 13227 23 33 2
0 13237 25 4 21
0 13266 6 29 20
0 13392 17
0 13917 26 34 5 46 1
0 14171 18
0 14302 33 76 1 9 13 11 10
0 14573 1
0 14814 9
0 14951 17 47 14 22 8
0 15245 59
0 15540 9 6 2
0 15755 14 14 14 6 20 23 28
0 15911 13 7 37
0 16402 2
0 16521 27
0 16785 3 23 26 3 11
0 17275 1
0 17360 17
0 17684 7 15 2 16 18
0 17726 44
0 17849 4
0 17978 6 9 2
0 18336 19
0 18357 6
0 18911 13 1 5 2 20
0 19320 1
