0 0 24 7 5
0 6 11
0 30 30
0 93 17
0 113 13
0 135 4 3 13
0 164 28
0 199 24 40 8 20 34 13 18
0 254 9
0 297 7 20 17
0 421 12 5 9
0 462 4
0 527 5 1 24 8 19
0 599 3
0 658 4
0 684 44
0 740 5 9 1 2 35
0 787 2
0 861 10
0 866 13 1 25
0 915 32 2 20 12 28 6 3
0 1011 8 19 7 1 36
0 1053 1 32 10
0 1056 30 1 15
0 1132 3
0 1148 53 9 61
0 1199 15
0 1204 37
0 1207 14
0 1351 18 1 18
0 1359 2 12 1
0 1410 25
0 1451 25
0 1546 15 12 4 1 3
0 1609 7
0 1659 1
0 1663 27 19 12 14 1
0 1722 7 10 35
0 1828 25 1 4
0 1917 2 1 1
0 1925 36 8 3
0 1956 57 2 14
0 1991 6 15 2
0 2014 35
0 2023 2
0 2030 13 1 6
0 2160 9
0 2277 8 12 14 17 12
0 2337 17
0 2366 6 22 6
0 2367 36 2 12
0 2506 1 10 19
0 2517 10 11 4
0 2523 1 7 27 3 5 5 5
0 2704 19 64 5 20 30
0 2765 1 7 9
0 2768 2 3 8 27 13 12 9
0 2776 28
0 2793 38 4 12
0 2801 51 10 15 11 11
0 2828 13
0 2876 6 1 1
0 2923 12
0 2945 8 9 30
0 2964 5 49 19 16 13
0 2997 3
0 3039 44 9 7 3 8
0 3149 15 22 41
0 3166 2
0 3167 21
0 3176 9 14 9
0 3226 21 11 7
0 3272 10
0 3333 23 33 2
0 3336 25 4 21
0 3344 6 29 20
0 3376 17
0 3508 26 34 5 46 1
0 3572 18
0 3605 33 76 1 9 13 11 10
0 3673 1
0 3734 9
0 3769 17 47 14 22 8
0 3843 59
0 3917 9 6 2
0 3971 14 14 14 6 20 23 28
0 4010 13 7 37
0 4133 2
0 4163 27
0 4229 3 23 26 3 11
0 4352 1
0 4374 17
0 4455 7 15 2 16 18
0 4466 44
0 4497 4
0 4530 6 9 2
0 4620 19
0 4626 6
0 4765 13 1 5 2 20
0 4868 1
