0 0 24 7 5
0 27 11
0 146 30
0 461 17
0 561 13
0 667 4 3 13
0 812 28
0 985 24 40 8 20 34 13 18
0 1256 9
0 1467 7 20 17
0 2086 12 5 9
0 2288 4
0 2609 5 1 24 8 19
0 2966 3
0 3257 4
0 3384 44
0 3660 5 9 1 2 35
0 3894 2
0 4264 10
0 4288 13 1 25
0 4532 32 2 20 12 28 6 3
0 5012 8 19 7 1 36
0 5220 1 32 10
0 5234 30 1 15
0 5610 3
0 5690 53 9 61
0 5943 15
0 5965 37
0 5979 14
0 6697 18 1 18
0 6734 2 12 1
0 6985 25
0 7189 25
0 7663 15 12 4 1 3
0 7976 7
0 8222 1
0 8240 27 19 12 14 1
0 8532 7 10 35
0 9060 25 1 4
0 9505 2 1 1
0 9542 36 8 3
0 9697 57 2 14
0 9869 6 15 2
0 9982 35
0 10026 2
0 10058 13 1 6
0 10706 9
0 11289 8 12 14 17 12
0 11585 17
0 11726 6 22 6
0 11729 36 2 12
0 12424 1 10 19
0 12475 10 11 4
0 12503 1 7 27 3 5 5 5
0 13408 19 64 5 20 30
0 13709 1 7 9
0 13724 2 3 8 27 13 12 9
0 13762 28
0 13847 38 4 12
0 13885 51 10 15 11 11
0 14020 13
0 14260 6 1 1
0 14493 12
0 14603 8 9 30
0 14698 5 49 19 16 13
0 14860 3
0 15066 44 9 7 3 8
0 15612 15 22 41
0 15697 2
0 15699 21
0 15744 9 14 9
0 15994 21 11 7
0 16221 10
0 16526 23 33 2
0 16539 25 4 21
0 16576 6 29 20
0 16733 17
0 17389 26 34 5 46 1
0 17707 18
0 17870 33 76 1 9 13 11 10
0 18208 1
0 18509 9
0 18680 17 47 14 22 8
0 19047 59
0 19415 9 6 2
0 19684 14 14 14 6 20 23 28
0 19879 13 7 37
0 20493 2
0 20642 27
0 20972 3 23 26 3 11
0 21585 1
0 21692 17
0 22097 7 15 2 16 18
0 22149 44
0 22303 4
0 22464 6 9 2
0 22911 19
0 22938 6
0 23631 13 1 5 2 20
0 24142 1
