0 0 24 7 5
0 16 11
0 88 30
0 277 17
0 337 13
0 401 4 3 13
0 488 28
0 592 24 40 8 20 34 13 18
0 755 9
0 882 7 20 17
0 1253 12 5 9
0 1374 4
0 1567 5 1 24 8 19
0 1781 3
0 1956 4
0 2033 44
0 2199 5 9 1 2 35
0 2340 2
0 2562 10
0 2576 13 1 25
0 2723 32 2 20 12 28 6 3
0 3011 8 19 7 1 36
0 3136 1 32 10
0 3145 30 1 15
0 3371 3
0 3419 53 9 61
0 3571 15
0 3584 37
0 3592 14
0 4023 18 1 18
0 4045 2 12 1
0 4196 25
0 4319 25
0 4604 15 12 4 1 3
0 4792 7
0 4940 1
0 4951 27 19 12 14 1
0 5127 7 10 35
0 5444 25 1 4
0 5711 2 1 1
0 5733 36 8 3
0 5826 57 2 14
0 5929 6 15 2
0 5997 35
0 6024 2
0 6043 13 1 6
0 6432 9
0 6782 8 12 14 17 12
0 6960 17
0 7045 6 22 6
0 7047 36 2 12
0 7464 1 10 19
0 7495 10 11 4
0 7512 1 7 27 3 5 5 5
0 8055 19 64 5 20 30
0 8236 1 7 9
0 8245 2 3 8 27 13 12 9
0 8268 28
0 8319 38 4 12
0 8342 51 10 15 11 11
0 8423 13
0 8567 6 1 1
0 8707 12
0 8773 8 9 30
0 8830 5 49 19 16 13
0 8927 3
0 9051 44 9 7 3 8
0 9379 15 22 41
0 9430 2
0 9432 21
0 9459 9 14 9
0 9609 21 11 7
0 9745 10
0 9928 23 33 2
0 9936 25 4 21
