0 0 13 26 2
0 110 18 9 69
0 433 2
0 469 21 4 2 4 72
0 640 9 19 13 3 9
0 880 62
0 982 29 10 24
0 1103 25
0 1131 8 16 39 16 16
0 1145 4
0 1319 49
0 1609 1
0 1906 9 20 83 10 5 37 1 95 27 4 15
0 2130 4 17 150 13 35 4 11 1 4 62 12 25 14
0 2807 10
0 3026 46
0 3194 8 9 32 4 10 7 3 19 135
0 3305 23
0 3438 27
0 3692 15 12 101
0 3906 41
0 3949 2
0 4175 156
0 4519 12 7 128 20 16
0 4664 19 51 83 14 90
0 4761 77
0 4763 26
0 5376 52
0 5420 84 3 39
0 5712 20 13 17
0 5868 14 15 4
0 5874 46
0 6567 4
0 6629 14 2 55 32 22
0 6631 96 3 1
0 6726 7
0 6743 59
0 6822 23 23 6
0 6841 25 13 14 46 10 10 53
0 6857 20 28 54 14 8
0 7076 64
0 7111 30
0 7160 39 17 113
0 7231 45 34 47
0 7284 48 4 8
0 7431 23 1 19
0 7440 1
0 7526 54
0 7533 29 16 73
0 7660 14
0 7870 1 12 12
0 7936 7
0 7970 46
0 7985 22
0 8332 152
0 8349 5 30 131
0 8489 112 11 11
0 8620 48
0 8657 82
0 9299 28 11 21
0 9347 40 8 5
0 9379 32 57 5
0 9519 35
0 9714 7 7 21
0 9919 18
0 10119 15
0 10181 12 4 18 29 3
0 10436 66 29 19
0 10526 20 1 18 4 70
0 10544 15 3 89 3 24
0 10626 11 6 23 21 38
0 10754 32
0 10899 4
0 11149 69 13 2
0 11299 42
0 11309 16 10 18
0 11541 20 29 13
0 11566 46 7 25
0 11836 62 11 33
0 11895 54
0 11902 1 8 13
0 11958 52 2 4
0 11998 80
0 12085 66
0 12129 9 17 39
0 12193 59
0 12417 5 4 65 18 114
0 12645 24 13 9
0 12727 92 2 29
0 12869 62 7 21 10 1 3 43
0 12888 10 31 5 31 3
0 12945 6
0 13202 6
0 13503 4
0 13732 15
0 14066 24
0 14475 86
0 14718 28 10 6
0 14727 4 65 4
0 14770 12 11 4
0 14864 24
0 14907 32 23 161
0 15197 29
0 15315 7
0 15368 9 3 27 5 34
0 15619 132 11 6 18 18
0 15740 11
0 15824 52
0 16081 46 72 12
0 16275 3 3 7
