0 0 26 26 3
0 110 36 9 137
0 433 3
0 469 41 4 3 4 144
0 640 17 19 25 3 18
0 880 124
0 982 58 10 47
0 1103 50
0 1131 16 16 77 16 32
0 1145 7
0 1319 97
0 1609 1
0 1906 18 20 165 10 10 37 2 95 54 4 30
0 2130 7 17 299 13 70 4 22 1 8 62 24 25 27
0 2807 19
0 3026 91
0 3194 16 9 63 4 19 7 5 19 269
0 3305 46
0 3438 53
0 3692 30 12 202
0 3906 81
0 3949 3
0 4175 312
0 4519 23 7 256 20 31
0 4664 38 51 166 14 180
0 4761 153
0 4763 52
0 5376 103
0 5420 167 3 77
0 5712 40 13 34
0 5868 27 15 8
0 5874 92
0 6567 8
0 6629 28 2 109 32 43
0 6631 191 3 1
0 6726 13
0 6743 117
0 6822 46 23 11
0 6841 49 13 28 46 20 10 105
0 6857 39 28 108 14 15
0 7076 127
0 7111 60
0 7160 77 17 225
0 7231 89 34 93
0 7284 96 4 16
0 7431 46 1 37
0 7440 1
0 7526 108
0 7533 57 16 146
0 7660 28
0 7870 2 12 24
0 7936 14
0 7970 92
0 7985 43
0 8332 304
0 8349 9 30 262
0 8489 224 11 21
0 8620 96
0 8657 163
0 9299 55 11 41
0 9347 79 8 9
0 9379 63 57 9
0 9519 69
0 9714 14 7 42
0 9919 35
0 10119 30
0 10181 23 4 36 29 5
0 10436 131 29 38
0 10526 39 1 35 4 139
0 10544 29 3 178 3 48
0 10626 21 6 46 21 75
0 10754 63
0 10899 8
0 11149 137 13 4
0 11299 83
0 11309 32 10 36
0 11541 40 29 25
0 11566 92 7 50
0 11836 124 11 66
0 11895 108
0 11902 1 8 26
0 11958 103 2 7
0 11998 160
0 12085 131
0 12129 17 17 78
0 12193 117
0 12417 9 4 130 18 228
0 12645 48 13 18
0 12727 184 2 57
0 12869 124 7 41 10 1 3 85
0 12888 20 31 10 31 5
0 12945 11
0 13202 12
0 13503 7
0 13732 29
0 14066 47
0 14475 172
0 14718 56 10 12
0 14727 8 65 7
0 14770 24 11 8
0 14864 47
0 14907 63 23 322
0 15197 58
0 15315 13
0 15368 18 3 54 5 67
0 15619 264 11 11 18 36
0 15740 22
0 15824 104
0 16081 92 72 24
0 16275 5 3 13
