0 0 9 26 1
0 110 12 9 46
0 433 1
0 469 14 4 1 4 48
0 640 6 19 9 3 6
0 880 42
0 982 20 10 16
0 1103 17
0 1131 6 16 26 16 11
0 1145 3
0 1319 33
0 1609 1
0 1906 6 20 55 10 4 37 1 95 18 4 10
0 2130 3 17 100 13 24 4 8 1 3 62 8 25 9
0 2807 7
0 3026 31
0 3194 6 9 21 4 7 7 2 19 90
0 3305 16
0 3438 18
0 3692 10 12 68
0 3906 27
0 3949 1
0 4175 104
0 4519 8 7 86 20 11
0 4664 13 51 56 14 60
0 4761 51
0 4763 18
0 5376 35
0 5420 56 3 26
0 5712 14 13 12
0 5868 9 15 3
0 5874 31
0 6567 3
0 6629 10 2 37 32 15
0 6631 64 3 1
0 6726 5
0 6743 39
0 6822 16 23 4
0 6841 17 13 10 46 7 10 35
0 6857 13 28 36 14 5
0 7076 43
0 7111 20
0 7160 26 17 75
0 7231 30 34 31
0 7284 32 4 6
0 7431 16 1 13
0 7440 1
0 7526 36
0 7533 19 16 49
0 7660 10
0 7870 1 12 8
0 7936 5
0 7970 31
0 7985 15
0 8332 102
0 8349 3 30 88
0 8489 75 11 7
0 8620 32
0 8657 55
0 9299 19 11 14
0 9347 27 8 3
0 9379 21 57 3
0 9519 23
0 9714 5 7 14
0 9919 12
0 10119 10
0 10181 8 4 12 29 2
0 10436 44 29 13
0 10526 13 1 12 4 47
0 10544 10 3 60 3 16
0 10626 7 6 16 21 25
0 10754 21
0 10899 3
0 11149 46 13 2
0 11299 28
0 11309 11 10 12
0 11541 14 29 9
0 11566 31 7 17
0 11836 42 11 22
0 11895 36
0 11902 1 8 9
0 11958 35 2 3
0 11998 54
0 12085 44
0 12129 6 17 26
0 12193 39
0 12417 3 4 44 18 76
0 12645 16 13 6
0 12727 62 2 19
0 12869 42 7 14 10 1 3 29
0 12888 7 31 4 31 2
0 12945 4
0 13202 4
0 13503 3
0 13732 10
0 14066 16
0 14475 58
0 14718 19 10 4
0 14727 3 65 3
0 14770 8 11 3
0 14864 16
0 14907 21 23 108
0 15197 20
0 15315 5
0 15368 6 3 18 5 23
0 15619 88 11 4 18 12
0 15740 8
0 15824 35
0 16081 31 72 8
0 16275 2 3 5
