0 0 5 26 1
0 110 6 9 23
0 433 1
0 469 7 4 1 4 24
0 640 3 19 5 3 3
0 880 21
0 982 10 10 8
0 1103 9
0 1131 3 16 13 16 6
0 1145 2
0 1319 17
0 1609 1
0 1906 3 20 28 10 2 37 1 95 9 4 5
0 2130 2 17 50 13 12 4 4 1 2 62 4 25 5
0 2807 4
0 3026 16
0 3194 3 9 11 4 4 7 1 19 45
0 3305 8
0 3438 9
0 3692 5 12 34
0 3906 14
0 3949 1
0 4175 52
0 4519 4 7 43 20 6
0 4664 7 51 28 14 30
0 4761 26
0 4763 9
0 5376 18
0 5420 28 3 13
0 5712 7 13 6
0 5868 5 15 2
0 5874 16
0 6567 2
0 6629 5 2 19 32 8
0 6631 32 3 1
0 6726 3
0 6743 20
0 6822 8 23 2
0 6841 9 13 5 46 4 10 18
0 6857 7 28 18 14 3
0 7076 22
0 7111 10
0 7160 13 17 38
0 7231 15 34 16
0 7284 16 4 3
0 7431 8 1 7
0 7440 1
0 7526 18
0 7533 10 16 25
0 7660 5
0 7870 1 12 4
0 7936 3
0 7970 16
0 7985 8
0 8332 51
0 8349 2 30 44
0 8489 38 11 4
0 8620 16
0 8657 28
0 9299 10 11 7
0 9347 14 8 2
0 9379 11 57 2
0 9519 12
0 9714 3 7 7
0 9919 6
0 10119 5
0 10181 4 4 6 29 1
0 10436 22 29 7
0 10526 7 1 6 4 24
0 10544 5 3 30 3 8
0 10626 4 6 8 21 13
0 10754 11
0 10899 2
0 11149 23 13 1
0 11299 14
0 11309 6 10 6
0 11541 7 29 5
0 11566 16 7 9
0 11836 21 11 11
0 11895 18
0 11902 1 8 5
0 11958 18 2 2
0 11998 27
0 12085 22
0 12129 3 17 13
0 12193 20
0 12417 2 4 22 18 38
0 12645 8 13 3
0 12727 31 2 10
0 12869 21 7 7 10 1 3 15
0 12888 4 31 2 31 1
0 12945 2
0 13202 2
0 13503 2
0 13732 5
0 14066 8
0 14475 29
0 14718 10 10 2
0 14727 2 65 2
0 14770 4 11 2
0 14864 8
0 14907 11 23 54
0 15197 10
0 15315 3
0 15368 3 3 9 5 12
0 15619 44 11 2 18 6
0 15740 4
0 15824 18
0 16081 16 72 4
0 16275 1 3 3
