0 0 22 26 2
0 110 30 9 114
0 433 2
0 469 34 4 2 4 120
0 640 14 19 21 3 15
0 880 104
0 982 48 10 39
0 1103 42
0 1131 14 16 64 16 27
0 1145 6
0 1319 81
0 1609 1
0 1906 15 20 138 10 8 37 1 95 45 4 25
0 2130 6 17 250 13 59 4 19 1 6 62 20 25 23
0 2807 16
0 3026 76
0 3194 13 9 53 4 16 7 4 19 225
0 3305 39
0 3438 44
0 3692 25 12 168
0 3906 68
0 3949 3
0 4175 260
0 4519 19 7 214 20 26
0 4664 32 51 138 14 150
0 4761 128
0 4763 43
0 5376 86
0 5420 140 3 64
0 5712 33 13 28
0 5868 22 15 6
0 5874 77
0 6567 7
0 6629 23 2 91 32 36
0 6631 159 3 1
0 6726 11
0 6743 97
0 6822 39 23 9
0 6841 41 13 23 46 17 10 88
0 6857 32 28 90 14 13
0 7076 106
0 7111 50
0 7160 64 17 188
0 7231 74 34 78
0 7284 80 4 14
0 7431 38 1 31
0 7440 1
0 7526 90
0 7533 47 16 122
0 7660 23
0 7870 2 12 20
0 7936 11
0 7970 77
0 7985 36
0 8332 253
0 8349 8 30 219
0 8489 187 11 18
0 8620 80
0 8657 136
0 9299 46 11 34
0 9347 66 8 7
0 9379 52 57 8
0 9519 58
0 9714 11 7 35
0 9919 30
0 10119 25
0 10181 19 4 30 29 4
0 10436 109 29 32
0 10526 33 1 29 4 116
0 10544 24 3 148 3 40
0 10626 17 6 38 21 63
0 10754 52
0 10899 6
0 11149 114 13 3
0 11299 69
0 11309 27 10 30
0 11541 33 29 21
0 11566 77 7 42
0 11836 103 11 55
0 11895 90
0 11902 1 8 22
0 11958 86 2 6
0 11998 133
0 12085 109
0 12129 14 17 65
0 12193 98
0 12417 7 4 108 18 190
0 12645 40 13 15
0 12727 154 2 48
0 12869 103 7 34 10 1 3 71
0 12888 17 31 8 31 5
0 12945 9
0 13202 10
0 13503 6
0 13732 24
0 14066 40
0 14475 144
0 14718 47 10 10
0 14727 6 65 6
0 14770 20 11 7
0 14864 39
0 14907 53 23 268
0 15197 48
0 15315 11
0 15368 15 3 45 5 56
0 15619 220 11 9 18 30
0 15740 18
0 15824 87
0 16081 77 72 20
0 16275 5 3 11
