0 0 31 26 3
0 110 42 9 160
0 433 3
0 469 48 4 3 4 168
0 640 19 19 29 3 20
0 880 145
0 982 67 10 55
0 1103 58
0 1131 19 16 89 16 38
0 1145 8
0 1319 113
0 1609 1
0 1906 21 20 193 10 11 37 2 95 63 4 35
0 2130 9 17 349 13 82 4 26 1 9 62 28 25 32
0 2807 22
0 3026 106
0 3194 18 9 73 4 22 7 6 19 314
0 3305 54
0 3438 62
0 3692 35 12 235
0 3906 94
0 3949 3
0 4175 364
0 4519 26 7 299 20 37
0 4664 44 51 193 14 210
0 4761 179
0 4763 60
0 5376 120
0 5420 195 3 90
0 5712 46 13 40
0 5868 31 15 9
0 5874 107
0 6567 10
0 6629 32 2 127 32 50
0 6631 223 3 2
0 6726 16
0 6743 136
0 6822 54 23 13
0 6841 57 13 33 46 24 10 123
0 6857 45 28 126 14 18
0 7076 149
0 7111 69
0 7160 90 17 262
0 7231 104 34 109
0 7284 112 4 19
0 7431 53 1 43
0 7440 1
0 7526 126
0 7533 66 16 170
0 7660 32
0 7870 2 12 28
0 7936 16
0 7970 107
0 7985 50
0 8332 354
0 8349 11 30 306
0 8489 261 11 25
0 8620 112
0 8657 190
0 9299 64 11 48
0 9347 92 8 10
0 9379 73 57 11
0 9519 80
0 9714 16 7 49
0 9919 41
0 10119 35
0 10181 27 4 42 29 6
0 10436 152 29 44
0 10526 45 1 40 4 162
0 10544 34 3 208 3 56
0 10626 24 6 53 21 87
0 10754 73
0 10899 9
0 11149 159 13 4
0 11299 97
0 11309 38 10 42
0 11541 46 29 30
0 11566 107 7 58
0 11836 144 11 77
0 11895 126
0 11902 2 8 31
0 11958 120 2 9
0 11998 186
0 12085 153
0 12129 20 17 90
0 12193 137
0 12417 10 4 151 18 266
0 12645 56 13 21
0 12727 215 2 67
0 12869 145 7 48 10 1 3 99
0 12888 23 31 11 31 6
0 12945 13
0 13202 14
0 13503 8
0 13732 34
0 14066 55
0 14475 201
0 14718 65 10 13
0 14727 9 65 8
0 14770 27 11 9
0 14864 55
0 14907 73 23 375
0 15197 67
0 15315 15
0 15368 21 3 63 5 78
0 15619 308 11 12 18 42
0 15740 25
0 15824 121
0 16081 107 72 28
0 16275 6 3 16
