0 0 18 26 2
0 110 24 9 92
0 433 2
0 469 28 4 2 4 96
0 640 11 19 17 3 12
0 880 83
0 982 39 10 32
0 1103 33
0 1131 11 16 51 16 22
0 1145 5
0 1319 65
0 1609 1
0 1906 12 20 110 10 7 37 1 95 36 4 20
0 2130 5 17 200 13 47 4 15 1 5 62 16 25 18
0 2807 13
0 3026 61
0 3194 11 9 42 4 13 7 4 19 180
0 3305 31
0 3438 35
0 3692 20 12 135
0 3906 54
0 3949 2
0 4175 208
0 4519 15 7 171 20 21
0 4664 26 51 111 14 120
0 4761 102
0 4763 35
0 5376 69
0 5420 112 3 51
0 5712 27 13 23
0 5868 18 15 5
0 5874 62
0 6567 6
0 6629 19 2 73 32 29
0 6631 128 3 1
0 6726 9
0 6743 78
0 6822 31 23 7
0 6841 33 13 19 46 14 10 70
0 6857 26 28 72 14 10
0 7076 85
0 7111 40
0 7160 52 17 150
0 7231 60 34 62
0 7284 64 4 11
0 7431 31 1 25
0 7440 1
0 7526 72
0 7533 38 16 97
0 7660 19
0 7870 1 12 16
0 7936 9
0 7970 61
0 7985 29
0 8332 203
0 8349 6 30 175
0 8489 149 11 14
0 8620 64
0 8657 109
0 9299 37 11 27
0 9347 53 8 6
0 9379 42 57 6
0 9519 46
0 9714 9 7 28
0 9919 24
0 10119 20
0 10181 16 4 24 29 3
0 10436 87 29 26
0 10526 26 1 23 4 93
0 10544 19 3 119 3 32
0 10626 14 6 31 21 50
0 10754 42
0 10899 5
0 11149 91 13 3
0 11299 56
0 11309 22 10 24
0 11541 27 29 17
0 11566 61 7 33
0 11836 83 11 44
0 11895 72
0 11902 1 8 18
0 11958 69 2 5
0 11998 107
0 12085 88
0 12129 11 17 52
0 12193 78
0 12417 6 4 87 18 152
0 12645 32 13 12
0 12727 123 2 38
0 12869 83 7 27 10 1 3 57
0 12888 13 31 7 31 4
0 12945 8
0 13202 8
0 13503 5
0 13732 19
0 14066 32
0 14475 115
0 14718 37 10 8
0 14727 5 65 5
0 14770 16 11 5
0 14864 32
0 14907 42 23 215
0 15197 39
0 15315 9
0 15368 12 3 36 5 45
0 15619 176 11 7 18 24
0 15740 15
0 15824 70
0 16081 62 72 16
0 16275 4 3 9
