0 0 25 35 7 26 11
0 79 13
0 109 2 28 18
0 691 18 24 53
0 811 4
0 860 3
0 947 2 4 20 4 11
0 1052 1
0 1510 11 14 3 22 5 17 2 73 18
0 1642 5 4 1
0 1756 48 1 19
0 1811 3 13 5
0 1878 17 29 14 2 38
0 2212 8 12 16
0 2329 79 34 34 22 39 20 28
0 2416 17 39 8
0 2786 61 3 11
0 2794 3
0 2875 22 8 30
0 2980 11
0 3198 19
0 3229 3 4 43
0 3515 7
0 3517 18 1 3
0 3805 10 49 21
0 4022 6 1 3
0 4060 12
0 4492 7
0 4606 5
0 4848 2 12 9
0 4880 21 12 7 13 16 7 33
0 4891 7 15 13
0 4912 1 8 9
0 4922 13
0 5060 6
0 5136 7 5 10 9 1 18 8
0 5312 30 9 6 48 10
0 5411 11 10 8 10 1
0 5841 5 7 11
0 6096 1 22 8
0 6625 27 19 17
0 6693 15 68 11
0 6973 12 25 6
0 7165 9 12 37
0 7166 7
0 7262 4 18 2 49 12
0 7264 17 10 16 5 10
0 7289 7 14 19
0 7352 23 29 16 4 4 5 27
0 7510 11 16 25
0 7691 7 38 13
0 7756 27 22 23 18 11
0 7943 5 3 34
0 8075 3
0 8297 17
0 8332 4 10 2
0 8439 1 63 21
0 8541 3
0 8739 17
0 8758 18 7 8
0 9024 41 5 28
0 9050 2 3 15
0 9243 8 13 5
0 9548 27
0 9723 17
0 9984 4
0 10035 17 19 4
0 10036 1 20 15 10 15
0 10102 7 3 55 47 26
0 10328 2
0 10470 1
0 10507 5 5 3
0 10710 5 27 4
0 11111 8
0 11272 23 20 26 33 25
0 11283 11 5 82 13 14
0 11347 6 30 38 18 25
0 11510 7 9 14 1 8 18 7
0 11603 5 19 65
0 11628 7 12 9 11 19
0 11667 9
0 12111 22 11 14 1 14
0 12370 10
0 12371 10 31 7
0 12403 2 3 36 9 18 18 30 2 5
0 12582 10 11 3
0 12760 31 10 11
0 12765 41 8 7
0 12787 7 2 28
0 12896 11
0 13094 14 12 30
0 13275 10 8 1 5 30 4 4 22 5
0 13480 25 1 19 10 1
0 13580 8 23 14
0 13607 15 37 22
0 13631 1
0 13767 4
0 13959 35 6 1 30 4 1 17
0 14045 1
0 14075 2 10 2 13 3
