0 0 25 35 7 26 11
0 53 13
0 73 2 28 18
0 461 18 24 53
0 541 4
0 574 3
0 632 2 4 20 4 11
0 702 1
0 1007 11 14 3 22 5 17 2 73 18
0 1095 5 4 1
0 1171 48 1 19
0 1208 3 13 5
0 1253 17 29 14 2 38
0 1476 8 12 16
0 1554 79 34 34 22 39 20 28
0 1612 17 39 8
0 1859 61 3 11
0 1864 3
0 1918 22 8 30
0 1988 11
0 2133 19
0 2154 3 4 43
0 2345 7
0 2347 18 1 3
0 2539 10 49 21
0 2684 6 1 3
0 2710 12
0 2998 7
0 3074 5
0 3235 2 12 9
0 3256 21 12 7 13 16 7 33
0 3263 7 15 13
0 3277 1 8 9
0 3284 13
0 3376 6
0 3427 7 5 10 9 1 18 8
0 3544 30 9 6 48 10
0 3610 11 10 8 10 1
0 3897 5 7 11
0 4067 1 22 8
0 4420 27 19 17
0 4466 15 68 11
0 4653 12 25 6
0 4781 9 12 37
0 4782 7
0 4846 4 18 2 49 12
0 4848 17 10 16 5 10
0 4865 7 14 19
0 4907 23 29 16 4 4 5 27
0 5013 11 16 25
0 5134 7 38 13
0 5178 27 22 23 18 11
0 5303 5 3 34
0 5391 3
0 5539 17
0 5563 4 10 2
0 5635 1 63 21
0 5703 3
0 5835 17
0 5848 18 7 8
0 6026 41 5 28
0 6044 2 3 15
0 6173 8 13 5
0 6376 27
0 6493 17
0 6667 4
0 6701 17 19 4
0 6702 1 20 15 10 15
0 6746 7 3 55 47 26
0 6897 2
0 6992 1
0 7017 5 5 3
0 7152 5 27 4
0 7419 8
0 7527 23 20 26 33 25
0 7535 11 5 82 13 14
0 7578 6 30 38 18 25
0 7687 7 9 14 1 8 18 7
0 7749 5 19 65
0 7766 7 12 9 11 19
0 7792 9
0 8088 22 11 14 1 14
0 8261 10
0 8262 10 31 7
0 8284 2 3 36 9 18 18 30 2 5
0 8403 10 11 3
0 8522 31 10 11
0 8525 41 8 7
0 8540 7 2 28
0 8613 11
0 8745 14 12 30
0 8866 10 8 1 5 30 4 4 22 5
0 9003 25 1 19 10 1
0 9070 8 23 14
0 9088 15 37 22
0 9104 1
0 9195 4
0 9323 35 6 1 30 4 1 17
0 9380 1
0 9400 2 10 2 13 3
