0 0 25 35 7 26 11
0 105 13
0 145 2 28 18
0 921 18 24 53
0 1081 4
0 1146 3
0 1261 2 4 20 4 11
0 1401 1
0 2011 11 14 3 22 5 17 2 73 18
0 2187 5 4 1
0 2338 48 1 19
0 2411 3 13 5
0 2501 17 29 14 2 38
0 2946 8 12 16
0 3102 79 34 34 22 39 20 28
0 3218 17 39 8
0 3711 61 3 11
0 3721 3
0 3829 22 8 30
0 3969 11
0 4259 19
0 4300 3 4 43
0 4681 7
0 4684 18 1 3
0 5068 10 49 21
0 5357 6 1 3
0 5408 12
0 5984 7
0 6136 5
0 6458 2 12 9
0 6500 21 12 7 13 16 7 33
0 6514 7 15 13
0 6542 1 8 9
0 6556 13
0 6740 6
0 6841 7 5 10 9 1 18 8
0 7075 30 9 6 48 10
0 7207 11 10 8 10 1
0 7781 5 7 11
0 8121 1 22 8
0 8826 27 19 17
0 8917 15 68 11
0 9290 12 25 6
0 9546 9 12 37
0 9547 7
0 9675 4 18 2 49 12
0 9678 17 10 16 5 10
0 9711 7 14 19
0 9795 23 29 16 4 4 5 27
0 10006 11 16 25
0 10248 7 38 13
0 10335 27 22 23 18 11
0 10584 5 3 34
0 10760 3
0 11056 17
0 11103 4 10 2
0 11246 1 63 21
0 11381 3
0 11645 17
0 11671 18 7 8
0 12026 41 5 28
0 12061 2 3 15
0 12319 8 13 5
0 12725 27
0 12958 17
0 13306 4
0 13374 17 19 4
0 13375 1 20 15 10 15
0 13463 7 3 55 47 26
0 13764 2
0 13953 1
0 14002 5 5 3
0 14272 5 27 4
0 14806 8
0 15021 23 20 26 33 25
0 15036 11 5 82 13 14
0 15121 6 30 38 18 25
0 15339 7 9 14 1 8 18 7
0 15463 5 19 65
0 15496 7 12 9 11 19
0 15548 9
0 16139 22 11 14 1 14
0 16484 10
0 16485 10 31 7
0 16528 2 3 36 9 18 18 30 2 5
0 16766 10 11 3
0 17004 31 10 11
0 17010 41 8 7
0 17040 7 2 28
0 17185 11
0 17448 14 12 30
0 17689 10 8 1 5 30 4 4 22 5
0 17962 25 1 19 10 1
0 18095 8 23 14
0 18131 15 37 22
0 18162 1
0 18344 4
0 18600 35 6 1 30 4 1 17
0 18714 1
0 18753 2 10 2 13 3
