0 0 25 35 7 26 11
0 131 13
0 181 2 28 18
0 1151 18 24 53
0 1351 4
0 1432 3
0 1576 2 4 20 4 11
0 1750 1
0 2512 11 14 3 22 5 17 2 73 18
0 2731 5 4 1
0 2920 48 1 19
0 3011 3 13 5
0 3123 17 29 14 2 38
0 3679 8 12 16
0 3873 79 34 34 22 39 20 28
0 4018 17 39 8
0 4634 61 3 11
0 4647 3
0 4782 22 8 30
0 4957 11
0 5320 19
0 5371 3 4 43
0 5847 7
0 5850 18 1 3
0 6330 10 49 21
0 6692 6 1 3
0 6756 12
0 7476 7
0 7665 5
0 8067 2 12 9
0 8120 21 12 7 13 16 7 33
0 8138 7 15 13
0 8173 1 8 9
0 8190 13
0 8420 6
0 8546 7 5 10 9 1 18 8
0 8839 30 9 6 48 10
0 9004 11 10 8 10 1
0 9721 5 7 11
0 10146 1 22 8
0 11028 27 19 17
0 11141 15 68 11
0 11607 12 25 6
0 11927 9 12 37
0 11928 7
0 12087 4 18 2 49 12
0 12090 17 10 16 5 10
0 12131 7 14 19
0 12236 23 29 16 4 4 5 27
0 12499 11 16 25
0 12801 7 38 13
0 12909 27 22 23 18 11
0 13220 5 3 34
0 13440 3
0 13810 17
0 13869 4 10 2
0 14048 1 63 21
0 14217 3
0 14547 17
0 14579 18 7 8
0 15022 41 5 28
0 15065 2 3 15
0 15387 8 13 5
0 15895 27
0 16186 17
0 16621 4
0 16705 17 19 4
0 16706 1 20 15 10 15
0 16815 7 3 55 47 26
0 17191 2
0 17427 1
0 17488 5 5 3
0 17826 5 27 4
0 18493 8
0 18761 23 20 26 33 25
0 18780 11 5 82 13 14
0 18886 6 30 38 18 25
0 19158 7 9 14 1 8 18 7
0 19313 5 19 65
0 19354 7 12 9 11 19
0 19419 9
0 20158 22 11 14 1 14
0 20590 10
0 20592 10 31 7
0 20645 2 3 36 9 18 18 30 2 5
0 20943 10 11 3
0 21240 31 10 11
0 21247 41 8 7
0 21284 7 2 28
0 21465 11
0 21794 14 12 30
0 22095 10 8 1 5 30 4 4 22 5
0 22436 25 1 19 10 1
0 22602 8 23 14
0 22647 15 37 22
0 22686 1
0 22913 4
0 23233 35 6 1 30 4 1 17
0 23376 1
0 23425 2 10 2 13 3
