0 0 25 35 7 26 11
0 27 13
0 37 2 28 18
0 231 18 24 53
0 271 4
0 288 3
0 317 2 4 20 4 11
0 352 1
0 505 11 14 3 22 5 17 2 73 18
0 549 5 4 1
0 587 48 1 19
0 606 3 13 5
0 629 17 29 14 2 38
0 741 8 12 16
0 780 79 34 34 22 39 20 28
0 809 17 39 8
0 933 61 3 11
0 936 3
0 963 22 8 30
0 998 11
0 1071 19
0 1082 3 4 43
0 1178 7
0 1179 18 1 3
0 1275 10 49 21
0 1348 6 1 3
0 1361 12
0 1505 7
0 1543 5
0 1624 2 12 9
0 1635 21 12 7 13 16 7 33
0 1639 7 15 13
0 1646 1 8 9
0 1650 13
0 1696 6
0 1722 7 5 10 9 1 18 8
0 1781 30 9 6 48 10
0 1814 11 10 8 10 1
0 1958 5 7 11
0 2043 1 22 8
0 2220 27 19 17
0 2243 15 68 11
0 2337 12 25 6
0 2401 9 12 37
0 2402 7
0 2434 4 18 2 49 12
0 2435 17 10 16 5 10
0 2444 7 14 19
0 2465 23 29 16 4 4 5 27
0 2518 11 16 25
0 2579 7 38 13
0 2601 27 22 23 18 11
0 2664 5 3 34
0 2708 3
0 2782 17
0 2794 4 10 2
0 2830 1 63 21
0 2864 3
0 2930 17
0 2937 18 7 8
0 3026 41 5 28
0 3035 2 3 15
0 3100 8 13 5
0 3202 27
0 3261 17
0 3348 4
0 3365 17 19 4
0 3366 1 20 15 10 15
0 3388 7 3 55 47 26
0 3464 2
0 3512 1
0 3525 5 5 3
0 3593 5 27 4
0 3727 8
0 3781 23 20 26 33 25
0 3785 11 5 82 13 14
0 3807 6 30 38 18 25
0 3862 7 9 14 1 8 18 7
0 3893 5 19 65
0 3902 7 12 9 11 19
0 3915 9
0 4063 22 11 14 1 14
0 4150 10
0 4151 10 31 7
0 4162 2 3 36 9 18 18 30 2 5
0 4222 10 11 3
0 4282 31 10 11
0 4284 41 8 7
0 4292 7 2 28
0 4329 11
0 4395 14 12 30
0 4456 10 8 1 5 30 4 4 22 5
0 4525 25 1 19 10 1
0 4559 8 23 14
0 4568 15 37 22
0 4576 1
0 4622 4
0 4686 35 6 1 30 4 1 17
0 4715 1
0 4725 2 10 2 13 3
