0 0 7 26 1
0 110 9 9 35
0 433 1
0 469 11 4 1 4 36
0 640 5 19 7 3 5
0 880 31
0 982 15 10 12
0 1103 13
0 1131 4 16 20 16 8
0 1145 2
0 1319 25
0 1609 1
0 1906 5 20 42 10 3 37 1 95 14 4 8
0 2130 2 17 75 13 18 4 6 1 2 62 6 25 7
0 2807 5
0 3026 23
0 3194 4 9 16 4 5 7 2 19 68
0 3305 12
0 3438 14
0 3692 8 12 51
0 3906 21
0 3949 1
0 4175 78
0 4519 6 7 64 20 8
0 4664 10 51 42 14 45
0 4761 39
0 4763 13
0 5376 26
0 5420 42 3 20
0 5712 10 13 9
0 5868 7 15 2
0 5874 23
0 6567 2
0 6629 7 2 28 32 11
0 6631 48 3 1
0 6726 4
0 6743 30
0 6822 12 23 3
0 6841 13 13 7 46 5 10 27
0 6857 10 28 27 14 4
0 7076 32
0 7111 15
0 7160 20 17 57
0 7231 23 34 24
0 7284 24 4 4
0 7431 12 1 10
0 7440 1
0 7526 27
0 7533 15 16 37
0 7660 7
0 7870 1 12 6
0 7936 4
0 7970 23
0 7985 11
0 8332 76
0 8349 3 30 66
0 8489 56 11 6
0 8620 24
0 8657 41
0 9299 14 11 11
0 9347 20 8 3
0 9379 16 57 3
0 9519 18
0 9714 4 7 11
0 9919 9
0 10119 8
0 10181 6 4 9 29 2
0 10436 33 29 10
0 10526 10 1 9 4 35
0 10544 8 3 45 3 12
0 10626 6 6 12 21 19
0 10754 16
0 10899 2
0 11149 35 13 1
0 11299 21
